car 0.92 1571.16455078125 1003.1793823242188 1638.633056640625 1050.8096923828125
car 0.92 1815.316162109375 457.2109680175781 1885.9906005859375 485.2762145996094
car 0.91 1402.5673828125 844.2466430664062 1459.1302490234375 885.333740234375
car 0.91 265.68255615234375 786.0556030273438 314.1352233886719 860.621337890625
car 0.91 1135.4658203125 590.1388549804688 1183.668701171875 623.3181762695312
car 0.91 228.41156005859375 839.6104125976562 266.1629943847656 876.7813110351562
car 0.91 249.14724731445312 755.3721923828125 285.4259948730469 789.272705078125
car 0.90 1821.353271484375 421.9565124511719 1889.2142333984375 450.1880187988281
car 0.90 479.62908935546875 415.3979187011719 519.2350463867188 457.4852600097656
car 0.90 944.44873046875 415.11505126953125 986.3541259765625 444.8025817871094
car 0.90 37.40327453613281 643.9009399414062 121.3982162475586 678.6016235351562
car 0.90 1205.3204345703125 794.5298461914062 1263.3668212890625 836.6254272460938
car 0.90 204.94503784179688 754.8013916015625 237.7506866455078 787.7147827148438
car 0.90 1359.253662109375 485.89459228515625 1432.322998046875 516.8043212890625
car 0.90 1686.7049560546875 446.4167785644531 1753.3087158203125 473.0808410644531
car 0.90 1371.922607421875 938.2303466796875 1432.9078369140625 980.736083984375
car 0.90 1088.158935546875 517.8482666015625 1134.45849609375 550.2959594726562
car 0.89 211.347900390625 565.0496215820312 284.1875 597.5507202148438
car 0.89 868.4534301757812 468.4342956542969 913.5418090820312 499.5917663574219
car 0.89 1426.794921875 464.0329284667969 1497.7415771484375 493.21343994140625
car 0.89 983.9343872070312 529.5609130859375 1029.2261962890625 562.2637939453125
car 0.89 1157.3944091796875 678.1107177734375 1206.6871337890625 713.0401000976562
car 0.88 188.95016479492188 663.310791015625 266.98687744140625 693.5652465820312
car 0.88 231.591796875 249.26898193359375 282.34503173828125 275.3185119628906
car 0.88 855.0675048828125 339.173828125 892.277587890625 365.9225769042969
car 0.88 1057.6488037109375 647.9671630859375 1109.676513671875 683.5780029296875
car 0.87 421.6685791015625 357.3043212890625 459.1438903808594 387.408935546875
car 0.87 1670.676025390625 516.3201293945312 1749.2049560546875 547.490234375
car 0.87 1012.8201904296875 453.8597412109375 1053.156005859375 485.1494445800781
car 0.86 559.5769653320312 200.2788543701172 589.8869018554688 223.57949829101562
car 0.84 1782.7366943359375 534.1093139648438 1854.61083984375 564.4114990234375
car 0.84 1211.9517822265625 549.8373413085938 1284.2615966796875 580.1740112304688
car 0.84 1494.9459228515625 527.3433837890625 1570.497314453125 560.3137817382812
car 0.83 794.0879516601562 262.010986328125 826.095458984375 286.68487548828125
car 0.82 167.2200164794922 651.7216186523438 245.8218231201172 680.3605346679688
car 0.82 1510.2412109375 557.5138549804688 1585.6829833984375 589.2282104492188
car 0.82 1451.296142578125 521.8046875 1509.7967529296875 550.4107666015625
car 0.81 1895.6292724609375 514.0053100585938 1920.0 543.9488525390625
car 0.81 1305.7576904296875 560.36962890625 1373.4132080078125 587.4288330078125
car 0.81 0.0 675.5632934570312 45.27088928222656 721.933837890625
car 0.81 1812.6822509765625 495.1282043457031 1883.1199951171875 524.4569702148438
car 0.81 1645.4761962890625 543.4489135742188 1722.7138671875 576.3570556640625
car 0.80 1625.4500732421875 558.7252807617188 1698.9283447265625 589.0052490234375
car 0.80 203.52557373046875 511.7903137207031 234.1194305419922 542.1246337890625
car 0.79 761.1857299804688 511.5890197753906 825.6735229492188 537.908935546875
car 0.79 118.7951889038086 629.4618530273438 195.51609802246094 658.9263916015625
car 0.78 212.89697265625 805.4982299804688 246.82701110839844 840.865234375
car 0.78 522.757568359375 647.087646484375 578.6812744140625 676.4237670898438
car 0.72 405.6893310546875 0.0 428.6045227050781 12.257028579711914
car 0.72 712.7909545898438 236.376708984375 761.1202392578125 278.3426513671875
car 0.70 1457.512939453125 575.1419677734375 1529.4755859375 604.7197875976562
car 0.70 202.49203491210938 786.723876953125 237.50357055664062 819.3804321289062
car 0.69 189.2329864501953 485.63671875 217.774169921875 511.2269287109375
car 0.69 1890.5067138671875 498.9586486816406 1920.0 527.2017822265625
car 0.69 143.64027404785156 742.7655029296875 174.70960998535156 778.889892578125
car 0.68 1366.746337890625 567.2977905273438 1439.458251953125 598.5678100585938
car 0.66 158.37075805664062 523.2046508789062 188.81370544433594 549.8392944335938
car 0.57 154.72848510742188 783.2256469726562 188.01011657714844 823.9155883789062
car 0.56 1805.055908203125 548.6203002929688 1888.5888671875 575.75146484375
car 0.53 151.2302703857422 504.54986572265625 176.09315490722656 527.2794799804688
car 0.52 536.30078125 149.39585876464844 563.9364624023438 173.14346313476562
car 0.52 1118.14306640625 466.4166564941406 1181.8443603515625 500.220458984375
car 0.44 1103.310546875 831.3067016601562 1170.5355224609375 863.4332275390625
car 0.40 661.0740356445312 47.073177337646484 693.9283447265625 62.208290100097656
bus 0.39 367.20587158203125 601.6717529296875 521.5132446289062 658.6937866210938
