car 0.93 351.2302551269531 1024.00732421875 442.6078186035156 1077.2069091796875
car 0.92 1027.3428955078125 940.358154296875 1082.827392578125 988.7628173828125
car 0.92 1357.06298828125 869.8729248046875 1414.903076171875 909.2417602539062
car 0.92 1352.1597900390625 932.5864868164062 1408.1007080078125 972.4923706054688
car 0.92 903.220458984375 868.8024291992188 952.69189453125 914.993896484375
car 0.92 551.2981567382812 925.4561767578125 616.7909545898438 975.54345703125
car 0.91 1150.101806640625 656.366455078125 1196.4525146484375 689.5026245117188
car 0.91 835.888671875 719.9124145507812 884.7012939453125 759.6469116210938
car 0.91 750.9407958984375 695.0651245117188 796.6866455078125 734.8429565429688
car 0.90 657.7526245117188 760.0193481445312 700.8851928710938 804.347412109375
car 0.90 257.1970520019531 566.5519409179688 326.5939636230469 593.3925170898438
car 0.90 773.7183227539062 430.49273681640625 813.0971069335938 465.2544250488281
car 0.90 1229.0030517578125 480.2430114746094 1292.95849609375 506.8005676269531
car 0.90 525.9660034179688 379.5034484863281 559.0802001953125 406.8470153808594
car 0.90 965.8142700195312 464.96063232421875 1005.99658203125 492.2143249511719
car 0.90 473.1991882324219 318.2520751953125 502.6428527832031 344.16680908203125
car 0.90 898.4605712890625 552.6195068359375 941.3234252929688 582.0764770507812
car 0.90 1350.6044921875 562.2137451171875 1419.6268310546875 588.5679321289062
car 0.89 911.1786499023438 433.573974609375 948.0963134765625 458.22210693359375
car 0.89 518.0177612304688 839.8716430664062 592.5582885742188 869.4125366210938
car 0.89 401.72607421875 358.0919494628906 432.56683349609375 387.2964172363281
car 0.89 1021.7523803710938 519.3167724609375 1061.2386474609375 549.5891723632812
car 0.89 829.999267578125 362.86248779296875 862.4013671875 388.5390625
car 0.89 1738.0482177734375 428.5911865234375 1794.9893798828125 454.1842956542969
car 0.89 329.4796447753906 799.0430908203125 364.5128479003906 833.08349609375
car 0.89 1067.7059326171875 580.4366455078125 1111.8077392578125 611.9171142578125
car 0.89 141.90667724609375 648.3505859375 212.7437286376953 676.5167236328125
car 0.89 896.0721435546875 411.5823669433594 931.3736572265625 437.08966064453125
car 0.88 1196.5106201171875 711.00732421875 1244.23193359375 749.7261962890625
car 0.88 386.3542785644531 286.871826171875 417.4004211425781 311.3649597167969
car 0.88 434.7262878417969 426.2319641113281 467.7809753417969 454.9802551269531
car 0.88 1437.381103515625 518.2157592773438 1500.9033203125 544.157958984375
car 0.88 362.0526123046875 304.13720703125 391.7386169433594 328.8712158203125
car 0.88 1527.4105224609375 548.2235717773438 1599.8560791015625 575.1265869140625
car 0.88 229.6978759765625 132.90341186523438 251.44241333007812 151.2548370361328
car 0.88 1585.97265625 533.1725463867188 1653.5926513671875 559.578125
car 0.88 500.64166259765625 520.5948486328125 538.0287475585938 553.36767578125
car 0.88 264.42608642578125 148.4480438232422 291.0047912597656 169.36146545410156
car 0.88 267.0115661621094 126.41350555419922 289.73956298828125 144.4806671142578
car 0.88 1667.04296875 536.436767578125 1732.687255859375 564.1840209960938
car 0.88 237.272705078125 107.91315460205078 261.8904724121094 127.13517761230469
car 0.87 613.4144287109375 655.60205078125 654.6405639648438 693.292236328125
car 0.87 229.18060302734375 167.17660522460938 254.6492156982422 186.79806518554688
car 0.87 1167.4781494140625 632.1463012695312 1213.8621826171875 662.7394409179688
car 0.87 797.8445434570312 415.54931640625 834.723876953125 443.608154296875
car 0.87 1288.43798828125 943.3768920898438 1346.0013427734375 984.6468505859375
car 0.87 278.70281982421875 177.00982666015625 303.2115478515625 197.1051025390625
car 0.87 0.00398328248411417 636.029296875 60.539276123046875 664.1866455078125
car 0.86 42.551109313964844 567.8851928710938 109.82878875732422 594.4619750976562
car 0.86 995.1593627929688 492.283447265625 1033.859130859375 520.5315551757812
car 0.86 324.3417663574219 619.7191772460938 395.7845458984375 647.585693359375
car 0.86 264.2959289550781 773.0073852539062 298.1440734863281 805.55224609375
car 0.86 769.3236694335938 311.9892883300781 800.944580078125 334.4659423828125
car 0.86 1869.9482421875 408.7600402832031 1917.4337158203125 434.9590148925781
car 0.86 825.7426147460938 398.4038391113281 861.3653564453125 426.5491027832031
car 0.86 437.86431884765625 124.53065490722656 462.4962463378906 142.6123809814453
car 0.86 0.0 664.6920776367188 19.46701431274414 690.3419799804688
car 0.86 418.1749267578125 264.6853332519531 446.97955322265625 288.50286865234375
car 0.85 752.032958984375 244.24314880371094 784.707275390625 264.75787353515625
car 0.85 383.1235046386719 241.8795623779297 410.0322265625 265.5813293457031
car 0.85 309.4399108886719 247.61167907714844 336.8343811035156 269.8960266113281
car 0.85 1303.8685302734375 540.1862182617188 1373.2506103515625 566.766845703125
car 0.85 565.2116088867188 223.3618927001953 594.9656982421875 242.57119750976562
car 0.85 1070.141845703125 659.810546875 1118.788330078125 696.840576171875
car 0.84 365.8172607421875 220.5126190185547 393.17694091796875 243.3981475830078
car 0.84 872.0549926757812 391.1197204589844 903.9512939453125 414.78216552734375
car 0.83 170.3866424560547 71.21961212158203 191.9058837890625 87.45381927490234
car 0.83 726.3551635742188 268.4761047363281 756.0982055664062 295.4294738769531
car 0.83 1507.9876708984375 512.8938598632812 1575.02392578125 538.0558471679688
car 0.83 1233.649169921875 752.3754272460938 1283.430908203125 790.6690673828125
car 0.83 643.0589599609375 285.677978515625 673.0916137695312 309.83856201171875
car 0.82 612.4429321289062 526.4744262695312 651.4307861328125 563.4690551757812
car 0.82 1126.1993408203125 598.6529541015625 1174.3189697265625 628.2503662109375
car 0.82 1616.7445068359375 555.4927368164062 1682.8558349609375 578.4099731445312
car 0.82 482.7449951171875 164.0540008544922 510.62841796875 183.50564575195312
car 0.82 637.2101440429688 323.3509216308594 665.6580810546875 347.285400390625
car 0.81 116.63336181640625 337.0797424316406 140.76651000976562 360.6819763183594
car 0.81 1265.0333251953125 555.392333984375 1335.7254638671875 582.2327880859375
car 0.81 1467.12548828125 482.5407409667969 1532.1627197265625 507.21746826171875
car 0.81 78.18147277832031 668.3992309570312 144.88507080078125 695.776611328125
car 0.80 1888.714111328125 445.88177490234375 1920.0 472.4860534667969
car 0.80 1689.7276611328125 520.9107055664062 1758.4285888671875 547.1876220703125
car 0.79 1059.156005859375 550.3048095703125 1101.7794189453125 582.1618041992188
car 0.79 1072.9921875 493.2999572753906 1127.4503173828125 518.151611328125
car 0.79 170.97796630859375 619.2739868164062 240.3527069091797 646.62060546875
car 0.78 743.6808471679688 293.7245178222656 773.475341796875 315.0057373046875
car 0.78 188.5005340576172 478.1188049316406 216.8408203125 505.190185546875
car 0.78 279.8045654296875 11.472273826599121 298.6525573730469 25.18635368347168
car 0.78 1382.6060791015625 546.401611328125 1448.7518310546875 571.856689453125
car 0.78 1588.5699462890625 509.513427734375 1657.910888671875 532.2581787109375
car 0.78 1798.14892578125 515.16796875 1862.9990234375 539.052001953125
car 0.78 1396.10009765625 534.3014526367188 1458.657470703125 557.7689819335938
car 0.77 1501.3011474609375 470.8204650878906 1556.557861328125 494.9242248535156
car 0.77 1787.8472900390625 443.16278076171875 1850.685302734375 465.26300048828125
car 0.77 125.94727325439453 373.77886962890625 153.98704528808594 395.2268371582031
car 0.77 269.02838134765625 1.848004937171936 287.6413269042969 14.724374771118164
car 0.76 581.9345703125 270.64068603515625 608.97607421875 291.5921630859375
car 0.76 1668.79638671875 509.0346374511719 1736.8336181640625 537.81884765625
car 0.75 82.41363525390625 0.0 102.6736068725586 5.359048843383789
car 0.75 1168.8397216796875 562.9706420898438 1240.333984375 587.3855590820312
car 0.74 343.822021484375 260.9259338378906 375.75421142578125 290.734619140625
car 0.74 101.35548400878906 92.6268310546875 122.14712524414062 110.7890625
car 0.74 1763.9849853515625 498.1780090332031 1835.3656005859375 530.7169189453125
car 0.73 0.0 597.2620849609375 32.45358657836914 626.6371459960938
car 0.73 45.91163635253906 13.246757507324219 62.89104461669922 27.40191078186035
car 0.73 100.92552185058594 77.10286712646484 122.46672821044922 92.82637023925781
car 0.72 1098.326904296875 520.3642578125 1147.580078125 542.3826293945312
car 0.72 1187.13427734375 588.9488525390625 1252.4530029296875 612.68310546875
car 0.71 146.30726623535156 81.68570709228516 162.5617218017578 97.7175064086914
car 0.70 1175.3441162109375 549.2825927734375 1245.93212890625 573.174072265625
car 0.70 1236.190185546875 574.6594848632812 1303.1973876953125 602.2935180664062
car 0.70 351.2745056152344 202.93328857421875 377.47796630859375 225.6534881591797
car 0.70 1244.2864990234375 533.589111328125 1315.7132568359375 559.6693115234375
car 0.69 301.8409729003906 2.187479257583618 320.29541015625 15.945111274719238
car 0.68 230.41250610351562 804.2964477539062 287.9776611328125 872.495361328125
car 0.68 77.65591430664062 12.837695121765137 97.4225845336914 25.16968536376953
car 0.67 198.36781311035156 657.5004272460938 271.04339599609375 685.2498168945312
car 0.66 128.32615661621094 438.3453063964844 157.6204376220703 463.893310546875
car 0.66 235.8052978515625 3.9159693717956543 254.4570770263672 16.17522430419922
car 0.66 1723.9063720703125 495.0431213378906 1776.52880859375 523.4083862304688
car 0.65 127.90696716308594 4.6003336906433105 145.07984924316406 18.158658981323242
car 0.65 1842.154296875 488.33123779296875 1888.85205078125 510.8713684082031
car 0.64 1560.52294921875 521.7649536132812 1629.8123779296875 546.07568359375
car 0.64 788.046875 331.8144226074219 817.6544189453125 351.6603698730469
car 0.63 1476.049560546875 528.801513671875 1537.244140625 553.4341430664062
car 0.62 254.75045776367188 0.0 272.45220947265625 7.867089748382568
car 0.62 1337.467041015625 524.0997314453125 1403.390380859375 550.3920288085938
car 0.62 1266.123291015625 469.0888671875 1321.19677734375 491.4200134277344
car 0.59 148.91546630859375 637.1797485351562 216.0804901123047 660.169189453125
car 0.59 199.5939483642578 669.5487670898438 269.41949462890625 695.8714599609375
car 0.57 105.63977813720703 11.794088363647461 125.91259765625 25.0032958984375
car 0.57 157.6292724609375 409.34210205078125 183.06558227539062 434.6535339355469
car 0.57 1773.9063720703125 536.1752319335938 1838.0400390625 562.4147338867188
car 0.57 1152.63427734375 541.7754516601562 1209.0855712890625 565.9837646484375
car 0.56 814.6048583984375 346.9419860839844 845.35400390625 369.2976379394531
car 0.56 407.13922119140625 81.97757720947266 429.0522155761719 95.65413665771484
car 0.56 780.5286865234375 588.8894653320312 829.2562255859375 619.9283447265625
car 0.56 198.46702575683594 100.88954162597656 218.75640869140625 120.66822814941406
car 0.54 1522.14453125 449.5679931640625 1586.2301025390625 469.1782531738281
car 0.52 448.47137451171875 652.3229370117188 508.745849609375 675.2114868164062
car 0.52 1608.5745849609375 762.5152587890625 1683.4267578125 794.0991821289062
car 0.50 325.3908386230469 8.108659744262695 346.6825866699219 19.97475814819336
car 0.50 1497.563232421875 537.2860717773438 1565.6007080078125 564.4085083007812
car 0.50 305.1857604980469 195.20497131347656 331.4264831542969 216.73587036132812
car 0.49 1578.9324951171875 520.9087524414062 1631.8175048828125 543.4043579101562
car 0.48 1094.706298828125 477.5518493652344 1151.733642578125 503.84844970703125
car 0.48 47.09857177734375 129.12648010253906 83.24272918701172 149.47047424316406
car 0.47 157.6710968017578 591.9274291992188 222.14004516601562 613.6557006835938
car 0.46 110.60850524902344 400.2608642578125 137.95127868652344 425.3982238769531
car 0.45 691.5712280273438 289.2921142578125 716.4822387695312 310.76177978515625
other 0.43 1788.1343994140625 796.7760009765625 1797.6029052734375 812.8759765625
other 0.41 531.1226806640625 875.4600219726562 543.3323974609375 899.2488403320312
car 0.38 1520.454345703125 459.2430419921875 1574.4588623046875 482.2892150878906
car 0.38 865.8637084960938 208.55787658691406 910.3928833007812 228.31678771972656
car 0.37 88.57974243164062 31.077381134033203 106.69226837158203 47.09389877319336
bus 0.37 1857.446044921875 485.036376953125 1920.0 528.1490478515625
car 0.35 285.3417053222656 226.43026733398438 316.1549377441406 246.43270874023438
other 0.34 464.495361328125 622.1812744140625 475.4455871582031 637.6753540039062
car 0.30 831.5656127929688 578.427734375 883.8367919921875 602.1992797851562
car 0.29 45.80881881713867 681.232666015625 113.74031066894531 706.5111694335938
car 0.27 372.0062255859375 84.33383178710938 395.2313232421875 98.6487808227539
car 0.27 384.4013671875 70.03870391845703 404.9734802246094 78.86373138427734
car 0.27 1165.619384765625 547.9806518554688 1234.262939453125 568.8584594726562
car 0.26 339.38287353515625 841.2631225585938 401.4950866699219 874.1554565429688
