car 0.93 574.3158569335938 960.4696044921875 646.4296264648438 1018.4434204101562
car 0.93 431.5749816894531 1037.607421875 522.8980712890625 1079.775634765625
car 0.92 1544.2061767578125 460.14190673828125 1622.0179443359375 495.2056579589844
car 0.92 803.9622802734375 734.64208984375 851.6004638671875 774.6988525390625
car 0.91 1222.3521728515625 806.343994140625 1278.0098876953125 846.7427368164062
car 0.91 592.2821044921875 465.36212158203125 631.4224853515625 498.3022155761719
car 0.91 908.2711181640625 834.864501953125 961.885009765625 881.8724975585938
car 0.91 1611.758056640625 1043.475341796875 1677.1248779296875 1080.0
car 0.91 733.4744262695312 553.68994140625 776.7333374023438 591.1827392578125
car 0.91 670.9226684570312 727.1159057617188 716.3258056640625 773.9649047851562
car 0.91 689.8927001953125 795.235107421875 731.6788940429688 848.5438232421875
car 0.90 16.450502395629883 649.5437622070312 95.9588394165039 679.908447265625
car 0.90 541.5968017578125 512.9613647460938 579.4104614257812 549.3255615234375
car 0.90 732.2144165039062 627.4241943359375 776.995361328125 665.3692016601562
car 0.90 1064.7874755859375 495.7993469238281 1111.2620849609375 525.7538452148438
car 0.90 1406.9794921875 883.538818359375 1465.18359375 933.5127563476562
car 0.90 1114.198486328125 571.2490844726562 1160.099853515625 607.1773071289062
car 0.90 978.3858642578125 556.8768310546875 1023.7840576171875 592.8638916015625
car 0.90 1714.6015625 432.611328125 1785.6151123046875 459.65203857421875
car 0.90 1555.92724609375 555.57373046875 1633.8636474609375 585.9912109375
car 0.90 1381.291748046875 453.2967834472656 1451.2547607421875 484.0723571777344
car 0.89 1440.6478271484375 545.477294921875 1516.143310546875 576.772216796875
car 0.89 484.48638916015625 339.61737060546875 522.2590942382812 373.8163146972656
car 0.89 1404.156005859375 839.8077392578125 1463.7230224609375 884.2830200195312
car 0.89 1879.291259765625 439.9139099121094 1919.824951171875 470.40777587890625
car 0.89 1236.19970703125 683.9091186523438 1285.0184326171875 719.8305053710938
car 0.89 1292.09228515625 494.65777587890625 1363.6964111328125 524.010498046875
car 0.89 482.83148193359375 289.5389404296875 516.490234375 316.5831298828125
car 0.89 300.0344543457031 651.2542724609375 377.98736572265625 684.0465087890625
car 0.88 366.31536865234375 284.8034973144531 398.7886962890625 315.6434020996094
car 0.88 1165.9415283203125 635.8515014648438 1210.9879150390625 671.7981567382812
car 0.88 201.08934020996094 509.8966979980469 232.92166137695312 539.0772705078125
car 0.88 182.8629608154297 473.54058837890625 215.49610900878906 508.1883544921875
car 0.88 1567.0118408203125 524.489013671875 1638.2347412109375 556.6841430664062
car 0.88 775.6152954101562 334.21881103515625 814.0234375 364.26165771484375
car 0.88 293.32012939453125 107.19456481933594 319.1523132324219 134.8137664794922
car 0.87 563.8450927734375 378.9959716796875 603.1889038085938 410.2835388183594
car 0.87 805.1396484375 277.7760009765625 839.5742797851562 303.98748779296875
car 0.87 1302.5177001953125 791.9244384765625 1361.374755859375 840.8578491210938
car 0.87 394.9513244628906 204.37591552734375 424.70916748046875 229.30833435058594
car 0.87 266.9237365722656 165.4307403564453 293.11077880859375 191.6845703125
car 0.87 1655.3504638671875 506.68634033203125 1734.46826171875 537.1522216796875
car 0.86 407.72314453125 333.37030029296875 440.82843017578125 362.26068115234375
car 0.86 210.5890655517578 116.93306732177734 236.79721069335938 138.19273376464844
car 0.86 233.64859008789062 139.23504638671875 260.2404479980469 160.82803344726562
car 0.86 152.6351776123047 417.9568176269531 182.84498596191406 444.72967529296875
car 0.85 355.6627502441406 208.69273376464844 388.0453186035156 234.42845153808594
car 0.85 691.0394897460938 265.2644348144531 731.8074951171875 300.1924743652344
car 0.85 112.48048400878906 658.2850341796875 192.14501953125 686.7394409179688
car 0.84 900.7279663085938 400.76513671875 942.8900146484375 430.0357360839844
car 0.84 267.5361328125 122.92414093017578 295.6658935546875 145.4743194580078
car 0.84 138.9708251953125 392.8023376464844 165.19581604003906 418.0157775878906
car 0.84 171.3004150390625 391.9772033691406 201.5346221923828 419.5238952636719
car 0.83 536.7393798828125 134.5904083251953 566.994873046875 157.9167022705078
car 0.82 223.1714324951172 615.5346069335938 306.4586486816406 650.9943237304688
car 0.82 573.93603515625 209.20220947265625 606.5779418945312 233.87286376953125
car 0.81 225.351806640625 834.9827880859375 260.2021179199219 872.4137573242188
car 0.81 196.7133331298828 772.9249877929688 232.8623046875 811.54736328125
car 0.81 399.3708801269531 631.4691772460938 476.4375915527344 660.0573120117188
car 0.81 410.9135437011719 542.6863403320312 484.7469787597656 571.1483764648438
car 0.80 1290.012451171875 470.3345642089844 1365.8297119140625 502.8980407714844
car 0.80 276.2890319824219 884.8162231445312 349.0492248535156 915.6787719726562
car 0.79 412.3643798828125 648.908447265625 490.7472229003906 677.9693603515625
car 0.79 283.34124755859375 835.0549926757812 320.3465576171875 872.4984741210938
car 0.78 155.07789611816406 442.1253967285156 187.03732299804688 464.6002502441406
car 0.78 861.413818359375 592.967041015625 936.9212646484375 620.7618408203125
car 0.73 116.79983520507812 681.73974609375 200.29722595214844 709.6467895507812
car 0.72 350.67681884765625 9.210339546203613 373.0507507324219 24.123064041137695
car 0.69 785.9144287109375 240.226318359375 810.058837890625 263.99761962890625
car 0.69 459.6841125488281 89.10198974609375 486.4039611816406 109.85255432128906
car 0.65 851.4515991210938 611.4837646484375 904.2223510742188 637.5842895507812
car 0.64 188.5693817138672 423.8393859863281 212.29208374023438 448.99835205078125
car 0.59 318.58624267578125 0.0 340.2859802246094 5.013583660125732
car 0.58 1476.262451171875 1068.2518310546875 1552.5106201171875 1080.0
car 0.57 0.0 687.4017333984375 41.252342224121094 721.5576782226562
car 0.54 382.5458068847656 5.949446678161621 402.1730041503906 22.2113037109375
car 0.54 480.34527587890625 849.5239868164062 573.2003173828125 884.9401245117188
car 0.53 126.24978637695312 377.513916015625 151.73658752441406 395.99371337890625
car 0.51 1218.261474609375 511.17510986328125 1285.1168212890625 537.3583984375
car 0.50 124.2259521484375 370.2763671875 150.931884765625 393.3611145019531
car 0.50 881.9063720703125 185.3998260498047 928.1569213867188 207.3063201904297
car 0.49 301.01275634765625 0.9921822547912598 321.43377685546875 10.43232536315918
car 0.45 1237.0919189453125 545.7072143554688 1308.5228271484375 582.4989013671875
car 0.43 265.0450744628906 779.2835083007812 296.1823425292969 818.5674438476562
car 0.43 2.750765085220337 578.5330810546875 75.77706909179688 605.9112548828125
car 0.41 146.37429809570312 506.0375061035156 172.2501678466797 529.5536499023438
car 0.40 155.82740783691406 520.4796752929688 186.6527862548828 549.6260986328125
car 0.40 300.39630126953125 8.502372741699219 329.8920593261719 20.950788497924805
car 0.38 56.47529602050781 75.33360290527344 83.81343841552734 95.19387817382812
car 0.36 1859.3734130859375 519.5609741210938 1919.3702392578125 547.421142578125
car 0.34 277.6888122558594 882.5512084960938 341.21002197265625 902.1392822265625
car 0.34 568.346923828125 73.16226196289062 593.329833984375 89.53706359863281
other 0.32 1168.662353515625 884.185791015625 1181.4482421875 908.1777954101562
car 0.31 1908.955810546875 507.07305908203125 1919.9163818359375 528.3942260742188
car 0.29 801.398193359375 212.9590301513672 833.5372924804688 233.1625213623047
car 0.28 144.56942749023438 497.0711669921875 171.52273559570312 529.713134765625
