car 0.92 1232.2171630859375 801.6655883789062 1284.0574951171875 840.4253540039062
car 0.92 1358.5540771484375 775.7738037109375 1423.0703125 811.6280517578125
car 0.92 637.5869140625 484.1220397949219 675.971435546875 524.06982421875
car 0.92 1138.573974609375 721.785400390625 1188.83203125 756.3736572265625
car 0.92 663.2916870117188 809.94677734375 707.25048828125 863.412109375
car 0.92 1365.32666015625 941.5968627929688 1422.6251220703125 981.23974609375
car 0.91 1383.4873046875 883.0106201171875 1441.596435546875 923.6271362304688
car 0.91 1068.8341064453125 707.0811767578125 1114.060791015625 740.3521118164062
car 0.91 973.1773681640625 620.4871826171875 1017.0405883789062 653.3202514648438
car 0.91 1476.5372314453125 967.9375 1531.474609375 1007.8668212890625
car 0.91 1003.119873046875 583.916748046875 1049.8165283203125 617.9684448242188
car 0.91 1043.1361083984375 637.8823852539062 1089.366455078125 669.62890625
car 0.91 369.5194091796875 641.5215454101562 437.1152648925781 669.2197875976562
car 0.91 1429.9974365234375 922.4507446289062 1486.202392578125 961.5623779296875
car 0.91 906.3531494140625 547.2559204101562 947.505126953125 580.192138671875
car 0.91 358.4309387207031 927.1005859375 404.3875427246094 961.9176635742188
car 0.91 1548.9842529296875 1037.30810546875 1611.3974609375 1079.974853515625
car 0.91 1431.2996826171875 464.4482727050781 1501.7908935546875 491.18170166015625
car 0.90 315.2162780761719 551.4081420898438 382.9942932128906 579.1226806640625
car 0.90 418.3958740234375 923.9722900390625 466.7593078613281 965.4957275390625
car 0.90 831.851318359375 488.08721923828125 871.8426513671875 515.8991088867188
car 0.90 701.7379150390625 328.10015869140625 735.4089965820312 353.5799865722656
car 0.90 632.8493041992188 685.933349609375 680.6076049804688 739.6176147460938
car 0.90 1103.16455078125 573.1370849609375 1148.1341552734375 605.1065673828125
car 0.90 1124.8399658203125 779.3943481445312 1176.6146240234375 816.9666137695312
car 0.90 534.9618530273438 438.2340393066406 569.7052612304688 469.93829345703125
car 0.90 1431.86962890625 533.1204223632812 1493.9619140625 557.5306396484375
car 0.90 1214.2301025390625 674.99658203125 1258.4581298828125 715.2140502929688
car 0.89 1332.747802734375 839.0203857421875 1386.6202392578125 878.8980712890625
car 0.89 1236.42626953125 710.099609375 1275.651123046875 742.959228515625
car 0.89 145.17189025878906 647.867431640625 220.0334014892578 675.9183959960938
car 0.89 936.5473022460938 478.91845703125 971.7761840820312 507.2444152832031
car 0.89 826.651123046875 352.4681701660156 858.5369873046875 375.50311279296875
car 0.89 994.851806640625 492.1968688964844 1035.357421875 521.7147827148438
car 0.89 1656.1790771484375 447.64111328125 1719.3255615234375 473.64581298828125
car 0.89 814.483154296875 579.1520385742188 881.6707763671875 607.03173828125
car 0.89 957.3150024414062 460.7784729003906 998.5353393554688 489.0128173828125
car 0.89 709.8987426757812 383.0293884277344 744.875244140625 408.64935302734375
car 0.89 1258.9232177734375 742.593017578125 1299.082275390625 781.5281982421875
car 0.88 754.9134521484375 370.786865234375 791.8616943359375 396.2872619628906
car 0.88 1083.024658203125 483.0243225097656 1144.7137451171875 509.14044189453125
car 0.88 277.41754150390625 172.04847717285156 301.8028869628906 194.15989685058594
car 0.88 551.7448120117188 556.3529663085938 589.006103515625 590.0903930664062
car 0.88 1287.4830322265625 795.8547973632812 1340.390869140625 831.4443969726562
car 0.88 860.6942749023438 382.4176025390625 897.4532470703125 407.4875793457031
car 0.88 1647.4410400390625 527.247802734375 1711.233642578125 552.423583984375
car 0.88 440.7916259765625 618.4935913085938 510.0507507324219 644.4989624023438
car 0.87 1274.353271484375 923.74609375 1333.1651611328125 966.1547241210938
car 0.86 951.7142944335938 842.2290649414062 1005.689453125 897.7560424804688
car 0.86 1521.603759765625 537.364501953125 1588.0791015625 570.946044921875
car 0.86 366.75006103515625 220.48748779296875 393.60235595703125 242.10101318359375
car 0.86 797.3201293945312 331.6198425292969 830.5742797851562 354.58245849609375
car 0.86 1175.90625 646.6834106445312 1222.47802734375 681.2158203125
car 0.85 1819.8177490234375 489.9559020996094 1872.2501220703125 514.3099975585938
car 0.85 1335.8818359375 520.1725463867188 1399.84423828125 552.316650390625
car 0.83 4.916182518005371 673.8089599609375 73.25090026855469 702.6146850585938
car 0.83 50.1617546081543 128.56973266601562 80.54479217529297 147.02403259277344
car 0.82 524.3200073242188 224.47406005859375 553.284912109375 245.52969360351562
car 0.82 82.51066589355469 588.4814453125 148.56219482421875 614.6552734375
car 0.82 698.2703857421875 265.980712890625 724.8069458007812 286.5248107910156
car 0.82 1818.083740234375 514.0753173828125 1883.600830078125 539.44091796875
car 0.81 1037.2010498046875 524.4171752929688 1079.564208984375 551.600341796875
car 0.81 1816.301025390625 415.640869140625 1876.6920166015625 441.86798095703125
car 0.81 63.59604263305664 0.0 81.0034408569336 13.0864839553833
car 0.80 1382.9168701171875 457.14837646484375 1440.9482421875 482.5469055175781
car 0.80 1728.63623046875 531.0421752929688 1796.101806640625 558.5198974609375
car 0.79 742.7960205078125 287.2384033203125 771.6409301757812 308.7402648925781
car 0.79 1145.32275390625 612.1095581054688 1192.7081298828125 645.8958740234375
car 0.79 271.8245849609375 197.6277618408203 296.3102722167969 221.67225646972656
car 0.79 363.897216796875 296.6166076660156 393.0439758300781 320.5401916503906
car 0.79 73.27909088134766 570.1924438476562 141.28224182128906 599.4899291992188
car 0.78 904.9090576171875 416.98681640625 944.4625244140625 447.2081604003906
car 0.78 593.5468139648438 240.95338439941406 623.436279296875 263.19195556640625
car 0.77 414.2647705078125 115.34971618652344 436.7796936035156 131.8050994873047
car 0.77 1645.09375 516.8477172851562 1717.0439453125 539.8040161132812
car 0.75 756.5944213867188 320.1991271972656 786.531982421875 347.5389709472656
car 0.75 760.3759765625 311.01806640625 793.7246704101562 330.58782958984375
car 0.75 243.0148162841797 116.52953338623047 268.2724304199219 134.49978637695312
car 0.74 90.84076690673828 638.7072143554688 158.7635498046875 668.1739501953125
car 0.73 1656.0125732421875 436.888427734375 1718.9652099609375 459.45733642578125
car 0.73 96.60350799560547 5.551888465881348 115.7714614868164 19.716976165771484
car 0.73 231.9714813232422 150.15643310546875 254.66758728027344 170.91810607910156
car 0.72 130.7989044189453 0.7300335764884949 146.42539978027344 18.430295944213867
car 0.71 15.964367866516113 95.99774932861328 36.45656204223633 112.19851684570312
car 0.71 1220.99560546875 569.8931884765625 1289.115966796875 596.5391845703125
car 0.70 1863.7750244140625 457.67584228515625 1918.0284423828125 478.3130798339844
car 0.69 100.93846130371094 69.57762908935547 120.80291748046875 85.0700912475586
car 0.68 226.58880615234375 94.4107894897461 247.17108154296875 111.51547241210938
car 0.68 0.9468361735343933 663.5687866210938 71.68357849121094 688.94091796875
car 0.67 1227.5205078125 551.3709716796875 1307.2022705078125 582.0945434570312
car 0.65 209.43905639648438 520.388427734375 239.29598999023438 547.3108520507812
car 0.63 292.9005432128906 150.7973175048828 316.9710998535156 170.1489715576172
car 0.63 1251.8302001953125 482.5020751953125 1306.9652099609375 503.45758056640625
car 0.61 1857.592529296875 498.7762756347656 1915.8897705078125 523.2011108398438
car 0.59 167.92054748535156 445.8558044433594 190.7278594970703 467.79339599609375
car 0.59 740.3663330078125 275.0110168457031 764.7423095703125 293.0195617675781
car 0.59 230.69692993164062 479.1684875488281 257.3809814453125 505.7516174316406
car 0.58 761.4907836914062 240.69082641601562 795.4290771484375 258.22967529296875
car 0.55 714.1378173828125 249.11581420898438 743.7379150390625 271.5048522949219
car 0.55 1876.3714599609375 445.7686767578125 1919.9683837890625 466.92047119140625
car 0.54 99.6629867553711 97.47027587890625 117.15214538574219 113.98887634277344
car 0.54 285.25982666015625 0.0 304.5541076660156 6.568502426147461
car 0.53 1223.336669921875 545.9317626953125 1287.249267578125 570.1331176757812
car 0.52 48.5594596862793 565.3681030273438 112.2285385131836 590.741943359375
car 0.50 144.71286010742188 390.68572998046875 170.73870849609375 414.8677673339844
car 0.50 87.83103942871094 31.14510726928711 106.78606414794922 47.88085174560547
car 0.44 104.12003326416016 385.81732177734375 122.74298095703125 403.8650207519531
car 0.42 202.952392578125 505.76239013671875 231.71340942382812 526.8465576171875
car 0.41 739.2274780273438 261.2469177246094 765.94970703125 279.8104553222656
car 0.40 875.7924194335938 207.20132446289062 908.1222534179688 227.11944580078125
car 0.39 353.2020568847656 69.72379302978516 377.18865966796875 83.295654296875
car 0.39 155.72108459472656 412.36859130859375 180.43789672851562 433.1371765136719
car 0.38 194.87200927734375 484.85650634765625 220.11520385742188 505.8879699707031
other 0.34 28.83380889892578 540.4696655273438 39.414249420166016 563.959228515625
car 0.34 166.3733673095703 431.7602844238281 188.2955322265625 451.1378173828125
car 0.34 1207.301513671875 585.4808349609375 1276.120849609375 611.1166381835938
car 0.33 250.8237762451172 514.8531494140625 281.20843505859375 543.1639404296875
car 0.29 40.90982437133789 31.26481056213379 58.66010665893555 47.120338439941406
car 0.28 0.0 98.2545166015625 7.712449550628662 109.48342895507812
car 0.28 38.20536422729492 6.603009223937988 53.31413650512695 16.61463737487793
car 0.27 740.2460327148438 272.3358459472656 765.1007690429688 287.3614501953125
car 0.27 108.29782104492188 401.41229248046875 135.66397094726562 421.33306884765625
car 0.26 741.4667358398438 277.678466796875 767.5864868164062 294.925048828125
