0 0.92 503.94091796875 942.7316284179688 580.4735107421875 999.0745239257812
0 0.92 629.198486328125 854.4410400390625 678.4916381835938 900.5238037109375
0 0.91 1279.2540283203125 473.81634521484375 1345.5771484375 502.2892150878906
0 0.91 1051.58251953125 625.5625610351562 1097.5986328125 658.2708129882812
0 0.91 1067.887451171875 716.4055786132812 1120.0137939453125 752.66552734375
0 0.90 544.9389038085938 573.68310546875 587.3541870117188 620.224609375
0 0.90 555.8223876953125 451.3949279785156 597.137451171875 490.1266174316406
0 0.90 1192.580322265625 780.1044921875 1242.7750244140625 817.7109375
0 0.90 1389.4501953125 1023.802978515625 1452.959228515625 1071.4403076171875
0 0.90 992.5175170898438 495.7737731933594 1030.7183837890625 522.9254150390625
0 0.90 787.7265625 659.130859375 834.6968994140625 696.0576171875
0 0.90 222.19247436523438 815.5064086914062 257.7005310058594 851.45654296875
0 0.90 756.11474609375 373.814208984375 789.5146484375 398.1534423828125
0 0.90 928.5665893554688 534.4074096679688 971.6006469726562 563.66357421875
0 0.90 1144.0 701.732666015625 1196.8516845703125 739.2946166992188
0 0.90 1250.7738037109375 766.231201171875 1300.9339599609375 800.1280517578125
0 0.90 704.8335571289062 378.53680419921875 739.9910888671875 402.3760986328125
0 0.89 892.7117919921875 412.7259216308594 929.5194702148438 438.2763977050781
0 0.89 270.701416015625 650.6536865234375 344.10675048828125 678.946044921875
0 0.89 378.828369140625 231.9454345703125 406.4787902832031 256.12701416015625
0 0.89 388.7724914550781 638.290771484375 460.9829406738281 665.8416748046875
0 0.89 379.6377258300781 328.0084228515625 410.54156494140625 357.30810546875
0 0.89 1242.4290771484375 899.3409423828125 1297.4527587890625 938.070068359375
0 0.89 72.78020477294922 642.4118041992188 147.02699279785156 668.8732299804688
0 0.89 837.4330444335938 438.7773742675781 874.62939453125 464.9454345703125
0 0.89 841.0286865234375 366.3692932128906 876.0929565429688 389.5274963378906
0 0.89 408.91387939453125 318.2755126953125 438.3055419921875 343.7083435058594
0 0.89 12.918257713317871 658.1917114257812 75.9981460571289 685.60302734375
0 0.89 856.6500244140625 517.8690185546875 898.857666015625 548.8444213867188
0 0.88 437.0160827636719 294.2386779785156 467.0974426269531 321.1242370605469
0 0.88 868.9839477539062 387.29803466796875 904.693359375 412.7599182128906
0 0.88 79.77938842773438 592.5205078125 147.4609375 620.0302124023438
0 0.88 513.349609375 365.13531494140625 549.0006103515625 392.7413635253906
0 0.88 1465.6639404296875 462.88470458984375 1529.4129638671875 488.17315673828125
0 0.88 282.6300048828125 815.337646484375 316.017578125 848.8712158203125
0 0.88 527.5021362304688 504.77191162109375 564.2848510742188 538.7598876953125
0 0.88 1739.13818359375 443.25518798828125 1798.370361328125 468.9284362792969
0 0.88 1798.7794189453125 422.0097351074219 1853.1070556640625 447.0187683105469
0 0.87 763.3037109375 307.51727294921875 794.240234375 329.59649658203125
0 0.87 1031.2413330078125 532.7559204101562 1070.86181640625 561.7056884765625
0 0.87 1702.1851806640625 435.9730529785156 1759.3922119140625 460.37298583984375
0 0.87 1147.4571533203125 481.7245788574219 1215.5050048828125 511.5827941894531
0 0.87 930.892822265625 430.4752197265625 970.0648193359375 464.7009582519531
0 0.87 188.2493896484375 663.081787109375 252.5758056640625 694.0009765625
0 0.87 310.520263671875 166.05535888671875 336.7208251953125 185.8173370361328
0 0.86 493.9461669921875 194.95303344726562 518.48828125 214.49171447753906
0 0.86 295.2738342285156 546.9681396484375 355.9530334472656 573.0646362304688
0 0.86 280.6299133300781 213.83087158203125 307.0875549316406 235.34561157226562
0 0.86 535.268310546875 233.01632690429688 563.6412963867188 254.15199279785156
0 0.86 321.5817565917969 212.65847778320312 348.1656494140625 239.0416717529297
0 0.86 413.756591796875 391.608154296875 444.9242858886719 419.99603271484375
0 0.86 1790.226806640625 492.8807067871094 1855.4061279296875 517.9381103515625
0 0.85 555.7991943359375 207.3095245361328 580.3161010742188 228.23202514648438
0 0.85 131.13140869140625 627.6622924804688 191.7453155517578 651.545654296875
0 0.85 1378.4237060546875 478.90283203125 1434.018310546875 504.9957275390625
0 0.85 713.873291015625 730.5921020507812 765.4752197265625 776.0895385742188
0 0.84 675.9629516601562 303.6907653808594 708.992431640625 333.5276794433594
0 0.84 131.7530517578125 5.053893089294434 150.86508178710938 20.309099197387695
0 0.84 1333.6181640625 907.36279296875 1388.4439697265625 945.412109375
0 0.84 945.2952880859375 465.9766540527344 983.0506591796875 494.1885986328125
0 0.84 1590.596923828125 451.5962829589844 1649.066650390625 478.5490417480469
0 0.84 773.60302734375 444.3341064453125 810.4075317382812 469.3310852050781
0 0.84 163.1134033203125 99.21685028076172 185.03834533691406 119.20667266845703
0 0.83 1683.6376953125 543.173583984375 1752.764404296875 570.844482421875
0 0.83 1885.17919921875 497.5354309082031 1919.7265625 523.8456420898438
0 0.83 574.8082275390625 263.2263488769531 606.3280029296875 284.3866882324219
0 0.83 426.341796875 120.17633819580078 451.2076416015625 138.0172576904297
0 0.83 19.090429306030273 98.60958099365234 37.29524230957031 116.3406753540039
0 0.83 1801.9296875 514.2421264648438 1867.952392578125 539.6265869140625
0 0.82 1097.49609375 473.00421142578125 1163.9337158203125 505.82806396484375
0 0.82 1622.2098388671875 759.8555297851562 1693.01611328125 786.0888061523438
0 0.82 417.7157287597656 836.0694580078125 501.0762939453125 874.6406860351562
0 0.82 233.14503479003906 96.0560073852539 254.5890350341797 115.59471893310547
0 0.82 604.6640625 233.97682189941406 632.0917358398438 255.67813110351562
0 0.82 1530.9833984375 478.26849365234375 1594.5706787109375 502.9006042480469
0 0.82 1158.9808349609375 821.9551391601562 1210.813720703125 858.3598022460938
0 0.81 1653.1094970703125 460.372314453125 1719.2392578125 485.0057373046875
0 0.81 470.36053466796875 169.59242248535156 498.23651123046875 191.65679931640625
0 0.80 1883.126220703125 485.3922424316406 1919.6351318359375 508.3465881347656
0 0.80 1370.7669677734375 463.1761779785156 1428.686279296875 489.6501770019531
0 0.80 1444.599609375 453.03363037109375 1498.45751953125 477.9636535644531
0 0.79 99.30078125 77.78874969482422 118.70665740966797 96.09322357177734
0 0.79 245.77354431152344 739.4482421875 275.847412109375 769.0066528320312
0 0.79 1686.7962646484375 510.8193054199219 1757.594482421875 537.7863159179688
0 0.79 169.98907470703125 644.462158203125 242.96835327148438 672.0191650390625
0 0.79 225.6708984375 166.60508728027344 251.73736572265625 185.99990844726562
1 0.78 1522.0643310546875 506.04541015625 1672.41015625 559.3275756835938
0 0.78 1185.24072265625 546.6744384765625 1260.146240234375 576.4235229492188
0 0.78 115.78902435302734 0.0 132.3978729248047 7.167780876159668
0 0.78 1417.4114990234375 557.2810668945312 1484.3447265625 585.5625
1 0.78 1706.5335693359375 728.2684326171875 1863.337890625 793.0603637695312
0 0.78 1868.007080078125 522.650634765625 1919.0809326171875 548.255615234375
0 0.77 813.35888671875 345.8439636230469 847.7290649414062 368.7432861328125
0 0.77 1385.1575927734375 546.6624145507812 1456.2825927734375 573.7840576171875
0 0.77 313.5022277832031 0.0 328.8683776855469 6.46254825592041
0 0.77 1363.713134765625 574.2511596679688 1434.6728515625 601.6192626953125
0 0.76 107.61981201171875 740.8975830078125 138.16151428222656 771.5451049804688
0 0.76 258.7511901855469 758.68310546875 292.06365966796875 792.1798706054688
0 0.76 1085.044677734375 503.2953796386719 1133.827392578125 527.695556640625
0 0.75 1306.255859375 531.8221435546875 1380.09423828125 564.6088256835938
0 0.75 1276.7208251953125 559.172607421875 1356.3724365234375 592.891357421875
0 0.75 1892.3048095703125 533.3580322265625 1919.6494140625 557.1905517578125
0 0.75 333.1203918457031 576.8545532226562 398.5450744628906 605.272705078125
0 0.75 136.71653747558594 73.39847564697266 159.64744567871094 92.7064437866211
0 0.74 1878.2869873046875 721.8187255859375 1919.865234375 749.9545288085938
0 0.74 206.94468688964844 735.4338989257812 236.638671875 764.583740234375
0 0.74 238.48521423339844 136.6856689453125 262.7443542480469 157.33712768554688
0 0.74 1427.517578125 518.3641967773438 1496.3170166015625 542.5640869140625
0 0.73 1632.3916015625 539.6951293945312 1695.2286376953125 565.077392578125
0 0.72 332.39642333984375 190.22898864746094 358.8080749511719 211.92227172851562
0 0.71 1692.229248046875 501.4082946777344 1760.75537109375 522.9453125
0 0.70 756.1466064453125 238.58505249023438 790.0182495117188 262.4100646972656
0 0.69 1802.5067138671875 506.1058044433594 1859.05224609375 525.1561889648438
0 0.69 96.52455139160156 664.8732299804688 167.45849609375 693.0628662109375
0 0.67 201.11741638183594 941.6879272460938 277.3499755859375 972.049560546875
0 0.67 321.54119873046875 620.3359375 378.2708740234375 643.3020629882812
0 0.66 162.97018432617188 740.457763671875 192.88784790039062 768.7657470703125
0 0.66 1414.5750732421875 534.442138671875 1482.03076171875 559.3426513671875
0 0.66 1534.2481689453125 546.1279296875 1595.342041015625 575.0643310546875
0 0.66 1462.582275390625 768.248046875 1527.619140625 795.6415405273438
0 0.64 1795.475830078125 465.016357421875 1846.72607421875 485.9919738769531
0 0.64 1634.9422607421875 743.2066650390625 1706.0328369140625 766.8135375976562
0 0.63 249.1967315673828 518.3245239257812 278.4443054199219 541.5673828125
0 0.63 253.446044921875 714.515625 280.7076110839844 743.1172485351562
0 0.62 1583.5560302734375 440.2672119140625 1638.84375 465.510986328125
0 0.62 159.1910400390625 503.61395263671875 184.44532775878906 526.2635498046875
0 0.62 741.341796875 291.20904541015625 768.3106079101562 312.4619445800781
0 0.61 171.16294860839844 528.7451171875 198.2944793701172 552.9597778320312
0 0.61 60.88239288330078 577.2662963867188 121.5925064086914 610.321533203125
0 0.61 198.41954040527344 503.8410339355469 226.21986389160156 528.4532470703125
0 0.60 1469.260498046875 754.6956176757812 1531.750244140625 779.3012084960938
0 0.59 195.0893096923828 484.5603942871094 222.98655700683594 506.10308837890625
0 0.58 0.0 686.1616821289062 40.610164642333984 713.9827270507812
0 0.58 1159.7840576171875 511.3852844238281 1224.661865234375 536.9193115234375
0 0.58 786.6602783203125 328.24554443359375 818.5475463867188 348.97723388671875
0 0.58 1735.942138671875 530.2205200195312 1808.94921875 559.4059448242188
0 0.57 80.21411895751953 0.0 98.6009292602539 4.934771537780762
0 0.57 705.28515625 261.1711120605469 721.8908081054688 273.8878173828125
0 0.56 182.61207580566406 561.1354370117188 245.45681762695312 590.031494140625
0 0.55 82.90755462646484 21.063888549804688 99.36541748046875 35.602108001708984
0 0.53 279.8614501953125 13.539790153503418 303.6610107421875 27.830020904541016
0 0.52 380.7332763671875 603.3717651367188 447.1579895019531 629.8041381835938
0 0.51 1180.620361328125 540.8740234375 1254.850341796875 564.5444946289062
0 0.51 1402.9114990234375 744.2816162109375 1471.19482421875 774.5961303710938
0 0.50 184.95945739746094 463.6846923828125 208.9351806640625 487.4608459472656
0 0.48 161.4013214111328 764.5173950195312 191.66790771484375 792.6270141601562
0 0.47 1.8253763914108276 581.470703125 68.31143951416016 607.5339965820312
0 0.46 12.816838264465332 85.98831939697266 29.750003814697266 103.2796630859375
0 0.46 815.3408203125 615.9244384765625 870.47509765625 641.7223510742188
0 0.45 635.9420166015625 305.171875 678.4798583984375 351.619873046875
1 0.45 722.924560546875 235.9390106201172 766.1538696289062 302.8976745605469
0 0.44 1169.6646728515625 590.0261840820312 1220.43798828125 616.9172973632812
0 0.42 210.38961791992188 524.1135864257812 238.01097106933594 549.2118530273438
0 0.42 478.92510986328125 639.8154907226562 542.426513671875 671.44921875
0 0.41 781.4869384765625 231.24874877929688 818.2975463867188 250.8764190673828
0 0.40 1148.0145263671875 562.160400390625 1214.0643310546875 590.9879150390625
0 0.38 823.2548217773438 217.7902374267578 866.0567016601562 237.55636596679688
0 0.35 207.57208251953125 886.054443359375 278.28131103515625 916.9306640625
0 0.34 1303.7200927734375 526.4428100585938 1372.6700439453125 553.0559692382812
0 0.32 138.32107543945312 376.7369079589844 163.0428466796875 394.7275390625
0 0.31 0.0 101.75466918945312 11.28310489654541 118.58477020263672
0 0.30 1394.5107421875 535.91357421875 1478.7298583984375 562.509521484375
0 0.29 195.601318359375 72.03985595703125 216.47552490234375 84.79662322998047
0 0.28 1820.02001953125 719.8206176757812 1876.614501953125 742.4871826171875
0 0.27 1578.013916015625 554.4776000976562 1648.5926513671875 581.6890869140625
0 0.26 1.1985195875167847 144.8480987548828 36.231201171875 165.25743103027344
0 0.24 1177.0401611328125 576.5462036132812 1241.45751953125 604.7062377929688
0 0.23 641.9518432617188 91.75232696533203 686.4312133789062 108.96028137207031
0 0.23 771.2968139648438 536.1505737304688 825.2926025390625 567.5863037109375
0 0.23 1482.025146484375 565.2940673828125 1552.0577392578125 593.39111328125
0 0.23 0.0 640.2842407226562 23.755634307861328 664.7352294921875
2 0.23 1791.7318115234375 784.0238037109375 1802.6407470703125 805.4993896484375
0 0.23 902.2381591796875 201.0758514404297 950.3236083984375 221.31475830078125
0 0.23 1691.1650390625 526.8145751953125 1755.564453125 551.4383544921875
0 0.22 148.03074645996094 387.3550109863281 174.40211486816406 411.697998046875
0 0.22 166.53968811035156 71.32161712646484 186.99649047851562 82.59393310546875
0 0.90 378.47222222222223 868.75 459.72222222222223 897.2222222222223
0 0.90 215.2777777777778 777.0833333333334 253.47222222222223 814.5833333333334
0 0.90 204.16666666666669 768.75 237.5 784.0277777777778
0 0.90 399.88425925925924 546.2962962962963 464.6990740740741 572.3379629629629
0 0.90 174.1898148148148 442.7083333333333 204.28240740740742 468.1712962962963
0 0.90 156.8287037037037 422.4537037037037 191.55092592592592 446.75925925925924
0 0.90 150.46296296296296 412.61574074074076 183.44907407407408 429.39814814814815
0 0.90 961.2268518518518 192.12962962962962 1005.7870370370371 211.80555555555557
0 0.90 1045.138888888889 185.76388888888889 1090.2777777777778 201.96759259259258
